Locarno,8
Yenangyaung,8
Alamein,8
Moresby,7
Gona,7
Stalingrad,7
Karelian,7
Casablanca,7
Rabaul,7
Maginot,7
Stresa,6
Blitz,6
Slovakia,6
Narvik,6
Katyn,6
Yugoslav,6
Ribbentrop,6
Sudetenland,6
Chindwin,6
Alaska,5
airfields,5
Chahar,5
Wotan,5
gasoline,5
Antonescu,5
Myitkyina,5
blitzkrieg,5
Putsch,5
Comintern,5
Reich,5
airman,5
Dnieper,5
tapered,5
Tobruk,5
neutralising,5
Aleutians,5
Leningrad,4
Truk,4
Danzig,4
Kapp,4
Anzio,4
Matapan,4
Gazala,4
Bulge,4
collaborationist,4
Doolittle,4
Buna,4
Fronts,4
Kerch,4
aviation,4
Rzhev,4
Lebensraum,4
pincered,4
Imphal,4
Suiyuan,4
boom,4
Ardennes,4
Ciano,4
Somaliland,3
Luzon,3
Hengyang,3
Mindanao,3
Irredentism,3
Ukrainians,3
Saar,3
Changsha,3
Carriers,3
Khalkhin,3
embargoed,3
mechanisation,3
Slovak,3
Estonians,3
Submarines,3
Crusader,3
Reichstag,2
Manila,2
Kuomintang,2
stalemated,2
Battlefield,2
Curzon,2
Freikorps,2
Atoll,2
speed,2
Underground,2
Rangoon,2
Ruhr,1
Halifax,1
Palau,1
Hunan,1
Type,1
Papua,1
react,1
Isabelle,1
Panzer,1
reconsider,1
